-20.7959
246.426
1419.57
350.943
-1177.78
-602.993
-1201.88
1193.37
-1208.24
-1016.54
533.685
-1325.51
369.499
24.3174
-397.907
-482.213
244.517
895.108
411.511
-113.598
922.138
1668.37
-79.4986
603.169
61.9867
93.1988
-35.888
314.084
-73.6036
617.076
244.632
-1382.39
-256.185
-139.599
66.5654
-44.7367
66.2382
13.906
44.1671
23.282
435.089
-1080.88
-518.555
239.721
163.123
106.743
124.609
148.753
501.453
-739.692
-351.369
666.803
337.254
113.237
199.945
81.2924
333.886
-154.92
-165.594
69.579
16.6727
181.545
-722.119
-311.499
-243.902
-181.995
2.06266
-17.1752
-197.17
-141.804
-118.749
-515.901
1186.38
96.6707
-21.5766
255.262
-12.5487
87.1816
63.3956
244.87
-36.1857
145.62
16.8162
-521.76
-32.2256
-89.7241
-162.396
-247.199
-41.5916
-94.159
-123.601
-92.4892
-5.54558
-63.4896
-21.4367
-80.6059
56.9208
-103.733
-59.7408
25.9303
82.8688
-87.815
792.806
-169.19
-315.853
34.4365
-83.1938
-98.1152
-5.62918
-12.8766
-193.192
13.8779
-354.9
-11.1429
122.628
127.399
61.7108
-31.387
-2.87183
52.02
-67.4934
90.9117
44.8256
-441.621
-91.3967
79.4062
33.1971
50.9881
50.9388
8.72017
10.4907
29.2455
48.5867
-136.369
-19.0245
198.083
-55.0439
335.214
-28.6991
87.8096
-88.5377
211.616
-294.739
-287.52
260.963
124.419
12.7968
25.1639
-9.30358
53.6866
-143.391
399.262
49.3008
937.901
241.783
-320.286
107.278
-73.1397
46.92
-42.1647
-65.8137
-36.3816
-216.334
94.2105
310.484
-0.988
201.804
13.2211
19.5174
10.0658
171.769
64.3855
1.09838
108.957
86.2744
128.856
-93.1492
-35.4417
-20.3647
41.4248
20.0198
27.2552
-7.27015
-59.2038
23.9769
336.201
-98.5005
103.271
96.2811
-119.296
104.676
-142.771
132.683
47.8202
149.388
176.45
-21.7634
57.7467
9.3315
-42.1872
18.152
80.6197
75.1409
80.9901
-85.7071
0
0
0
0
0
0
0
0
0
0
0
0
0
0
0
0
0
0
0
0
0
0
0
0
0
0
0
0
0
0
0
0
0
0
0
0
0
0
0
0
0
0
0
0
0
0
0
0
0
0
0
0
0
0
0
0
0
0
0
0
0
0
0
0
0
0
0
0
0
0
0
0
0
0
0
0
0
0
0
0
0
0
0
0
0
0
0
0
0
0
0
0
0
0
0
0
0
0
0
0
0
0
0
0
0
0
0
0
0
0
0
0
0
0
0
0
0
0
0
0
0
0
0
0
0
0
0
0
0
0
0
0
0
0
0
0
0
0
0
0
0
0
0
0
0
0
0
0
0
0
0
0
0
0
0
0
0
0
0
0
0
0
0
0
0
0
0
0
0
0
0
0
0
0
0
0
0
0
0
0
0
0
0
0
0
0
0
0
0
0
0
0
0
0
0
0
0
0
0
0
0
0
0
0
0
0
0
0
0
0
0
0
0
0
0
0
0
0
0
0
0
0
0
0
0
0
0
0
0
0
0
0
0
0
0
0
0
0
0
0
0
0
0
0
0
0
0
0
0
0
0
0
0
0
0
0
0
0
0
0
0
0
0
0
0
0
0
0
0
0
0
0
0
0
0
0
0
0
0
0
0
0
0
0
0
0
0
0
0
0
0
0
0
0
0
0
0
0
0
0
0
0
0
0
0
0
0
0
0
0
0
0
0
0
0
0
0
0
0
0
0
0
0
0
0
0
0
0
0
0
0
0
0
0
0
0
0
0
0
0
0
0
0
0
0
0
0
0
0
0
0
0
0
0
0
0
0
0
0
0
0
0
0
0
0
0
0
0
0
0
0
0
0
0
0
0
0
0
0
0
0
0
0
0
0
0
0
0
0
0
0
0
0
0
0
0
0
0
0
0
0
0
0
0
0
0
0
0
0
0
0
0
0
0
0
0
0
0
0
0
0
0
0
0
0
0
0
0
0
0
0
0
0
0
0
0
0
0
0
0
0
0
0
0
0
0
0
0
0
0
0
0
0
0
0
0
0
0
0
0
0
0
0
0
0
0
0
0
0
0
0
0
0
0
0
0
0
0
0
0
0
0
0
0
0
0
0
0
0
0
0
0
0
0
0
0
0
0
0
0
0
0
0
0
0
0
0
0
0
0
0
0
0
0
0
0
0
0
0
0
0
0
0
0
0
0
0
0
0
0
0
0
0
0
0
0
0
0
0
0
0
0
0
0
0
0
0
0
0
0
0
0
0
0
0
0
0
0
0
0
0
0
0
0
0
0
0
0
0
0
0
0
0
0
0
0
0
0
0
0
0
0
0
0
0
0
0
0
0
0
0
0
0
0
0
0
0
0
0
0
0
0
0
0
0
0
0
0
0
0
0
0
0
0
0
0
0
0
0
0
0
0
0
0
0
0
0
0
0
0
0
0
0
0
0
0
0
0
0
0
0
0
0
0
0
0
0
0
0
0
0
0
0
0
0
0
0
0
0
0
0
0
0
0
0
0
0
0
0
0
0
0
0
0
0
0
0
0
0
0
0
0
0
0
0
0
0
0
0
0
0
0
0
0
0
0
0
0
0
0
0
0
0
0
0
0
0
0
0
0
0
0
0
0
0
0
0
0
0
0
0
0
0
0
0
0
0
0
0
0
0
0
0
0
0
0
0
0
0
0
0
0
0
0
0
0
0
0
0
0
0
0
0
0
0
0
0
0
0
0
0
0
0
0
0
0
0
0
0
0
0
0
0
0
0
0
0
0
0
0
0
0
0
0
0
0
0
0
0
0
0
0
0
0
0
0
0
0
0
0
0
0
0
0
0
0
0
0
0
0
0
0
0
0
0
0
0
0
0
57.7109
